File Path: C:\Users\Drexel\Documents\BMES 301\2022-11-18\Lab4_G06_D 11-18-2022 1 35 02 PM\DAQ- Crosshead, … - (Timed).txt   
Test: 07
Test Run: Lab4_G06_D
Date: 11/18/2022 1:34:29 PM


Crosshead 	Load 	Time 
mm	N	sec
0.00203450508706737	4.06335496902466	0.0149999996647239
0.00259399416790984	4.11068248748779	0.0160000007599592
0.00325520818478253	4.16267395019531	0.017000000923872
0.00406901017413475	4.22733402252197	0.0179999992251396
0.00493367542730994	4.31431770324707	0.0189999993890524
0.00595092751609627	4.4331488609314	0.0199999995529652
0.00706990567778121	4.59095287322998	0.0209999997168779
0.00813802034826949	4.79065370559692	0.0219999998807907
0.00935872321861098	5.03138065338135	0.0230000000447035
0.0105285644167452	5.31149291992188	0.0240000002086163
0.0119018550321925	5.62960815429688	0.025000000372529
0.0132242839754326	5.98396492004395	0.0260000005364418
0.014546712009178	6.37194728851318	0.0270000007003546
0.0159200044436147	6.78988409042358	0.0280000008642673
0.0172424315678654	7.23182487487793	0.028999999165535
0.0185648586921161	7.68934726715088	0.0299999993294477
0.0199890127987601	8.15204238891602	0.0309999994933605
0.0213623043237021	8.60921096801758	0.0320000015199184
0.0227864584303461	9.05191898345947	0.0329999998211861
0.0243631984631065	9.47391986846924	0.034000001847744
0.0259399421338458	9.8731517791748	0.0350000001490116
0.0275675447483081	10.2514762878418	0.0359999984502792
0.0291951510007493	10.6130256652832	0.0370000004768372
0.0309244787786156	10.9631814956665	0.0379999987781048
0.0328063979395665	11.3059730529785	0.0390000008046627
0.0348409012076445	11.6416168212891	0.0399999991059303
0.0368245418940205	11.9730710983276	0.0410000011324883
0.0389607739634812	12.3082389831543	0.0419999994337559
0.0410461434512399	12.6529932022095	0.0430000014603138
0.0431823718827218	13.0105152130127	0.0439999997615814
0.0454203291155864	13.3836393356323	0.0450000017881393
0.0477091489301529	13.7743921279907	0.046000000089407
0.0499471025250386	14.1807670593262	0.0469999983906746
0.0522867849213071	14.5982465744019	0.0480000004172325
0.0546264636795968	15.0264749526978	0.0489999987185001
0.0570170086575672	15.4687252044678	0.0500000007450581
0.0594584162172396	15.9298286437988	0.0509999990463257
0.0619506827206351	16.4132957458496	0.0520000010728836
0.0644938118057325	16.9180583953857	0.0529999993741512
0.0671895395498723	17.4436492919922	0.0540000014007092
0.069834386522416	17.9916572570801	0.0549999997019768
0.0724283818271942	18.561092376709	0.0560000017285347
0.0752258274587803	19.1482334136963	0.0570000000298023
0.0780741320340894	19.7493362426758	0.0579999983310699
0.0809224438853562	20.361988067627	0.0590000003576279
0.08392333984375	20.9867897033691	0.0599999986588955
0.086975094745867	21.6275997161865	0.0610000006854534
0.0901285748113878	22.2885093688965	0.061999998986721
0.0931803369894624	22.9758167266846	0.063000001013279
0.0963338243309408	23.6978454589844	0.0640000030398369
0.0994873043964617	24.4592685699463	0.0649999976158142
0.102793375845067	25.2618637084961	0.0659999996423721
0.106099447293673	26.1046543121338	0.0670000016689301
0.109507243905682	26.9826011657715	0.068000003695488
0.112864174298011	27.891788482666	0.0689999982714653
0.116221104690339	28.8294734954834	0.0700000002980232
0.119679774797987	29.792106628418	0.0710000023245811
0.123240155517124	30.7768535614014	0.0719999969005585
0.126851387904026	31.7848987579346	0.0729999989271164
0.130462649394758	32.8212890625	0.0740000009536743
0.13422648771666	33.8920555114746	0.0750000029802322
0.138041184982285	35.0016326904297	0.0759999975562096
0.141805008752272	36.1534461975098	0.0769999995827675
0.145619706017897	37.3489074707031	0.0780000016093254
0.14948527677916	38.5874900817871	0.0790000036358833
0.153401691932231	39.8668975830078	0.0799999982118607
0.157419839524664	41.1828079223633	0.0810000002384186
0.16148884606082	42.530647277832	0.0820000022649765
0.165608726092614	43.9069366455078	0.0829999968409538
0.169728591572493	45.3094482421875	0.0839999988675117
0.173950189491734	46.7396125793457	0.0850000008940697
0.178273519850336	48.2007369995117	0.0860000029206276
0.182596850208938	49.693603515625	0.0869999974966049
0.187021898454987	51.2192916870117	0.0879999995231628
0.191446946701035	52.7829818725586	0.0890000015497208
0.195922853890806	54.393726348877	0.0900000035762787
0.200398761080578	56.0588188171387	0.090999998152256
0.205027274205349	57.7836875915527	0.0920000001788139
0.20965575822629	59.5725593566895	0.0930000022053719
0.214284256799147	61.4269790649414	0.0939999967813492
0.219014487811364	63.3449363708496	0.0949999988079071
0.223795577767305	65.3227081298828	0.096000000834465
0.228678385610692	67.3568267822266	0.0970000028610229
0.233510334510356	69.443115234375	0.0979999974370003
0.238444015849382	71.5779266357422	0.0989999994635582
0.243428541580215	73.7578353881836	0.100000001490116
0.248463940806687	75.9770431518555	0.101000003516674
0.253550213528797	78.2273635864258	0.101999998092651
0.258687359746546	80.5029220581055	0.103000000119209
0.263824476860464	82.8031845092773	0.104000002145767
0.269063311861828	85.1321182250977	0.104999996721745
0.274251302471384	87.4968948364258	0.105999998748302
0.279591884464026	89.9042892456055	0.10700000077486
0.284932466456667	92.3591842651367	0.108000002801418
0.290374766336754	94.8636245727539	0.108999997377396
0.295867910608649	97.4175415039063	0.109999999403954
0.301361083984375	100.020233154297	0.111000001430511
0.307006848743185	102.670120239258	0.112000003457069
0.312550866510719	105.365348815918	0.112999998033047
0.318247475661337	108.102279663086	0.114000000059605
0.324045802699402	110.876007080078	0.115000002086163
0.329895032336935	113.680809020996	0.11599999666214
0.335795077262446	116.513397216797	0.116999998688698
0.341695151291788	119.374496459961	0.118000000715256
0.347595225321129	122.266006469727	0.119000002741814
0.353597017237917	125.187950134277	0.119999997317791
0.359649653546512	128.141906738281	0.120999999344349
0.365753163350746	131.132751464844	0.122000001370907
0.371907575754449	134.164169311523	0.123000003397465
0.378112803446129	137.239852905273	0.123999997973442
0.384368904633448	140.36311340332	0.125
0.390574132325128	143.535598754883	0.126000002026558
0.396881107008085	146.755508422852	0.127000004053116
0.403188081691042	150.016036987305	0.128000006079674
0.409647618653253	153.310989379883	0.128999993205071
0.416158058214933	156.636581420898	0.129999995231628
0.422770186560228	159.987167358398	0.130999997258186
0.429433188401163	163.35710144043	0.131999999284744
0.436096190242097	166.746337890625	0.133000001311302
0.442759192083031	170.158508300781	0.13400000333786
0.449473067419603	173.59521484375	0.135000005364418
0.45633950503543	177.056457519531	0.136000007390976
0.463205971755087	180.545654296875	0.136999994516373
0.470123282866552	184.068954467773	0.137999996542931
0.477040623081848	187.631454467773	0.138999998569489
0.484059652080759	191.232421875	0.140000000596046
0.491027836687863	194.866439819336	0.141000002622604
0.498199486173689	198.529541015625	0.142000004649162
0.505320262163877	202.221771240234	0.14300000667572
0.512593542225659	205.942947387695	0.143999993801117
0.519816123414785	209.691818237305	0.144999995827675
0.527242023963481	213.468902587891	0.145999997854233
0.534566235728562	217.273193359375	0.146999999880791
0.542043009772897	221.100448608398	0.148000001907349
0.549468968529254	224.947067260742	0.149000003933907
0.557047547772527	228.813003540039	0.150000005960464
0.564626010600477	232.699783325195	0.150999993085861
0.57220458984375	236.60807800293	0.151999995112419
0.579884799662977	240.538940429688	0.152999997138977
0.587565125897527	244.496871948242	0.153999999165535
0.595347082708031	248.485443115234	0.155000001192093
0.603129097726196	252.504898071289	0.156000003218651
0.611063675023615	256.550628662109	0.157000005245209
0.618998252321035	260.615661621094	0.158000007271767
0.626932771410793	264.694854736328	0.158999994397163
0.634918222203851	268.788391113281	0.159999996423721
0.643056235276163	272.897796630859	0.160999998450279
0.651194248348475	277.022094726563	0.162000000476837
0.659383134916425	281.157562255859	0.163000002503395
0.667572021484375	285.302490234375	0.164000004529953
0.675862596835941	289.458282470703	0.165000006556511
0.684204103890806	293.624389648438	0.165999993681908
0.692596426233649	297.79736328125	0.166999995708466
0.700988748576492	301.976776123047	0.167999997735024
0.709482876118273	306.166320800781	0.168999999761581
0.717976887244731	310.367523193359	0.170000001788139
0.726521771866828	314.577423095703	0.171000003814697
0.735117588192225	318.792999267578	0.172000005841255
0.743815151508898	323.012725830078	0.172999992966652
0.752563471905887	327.233978271484	0.17399999499321
0.761413597501814	331.4541015625	0.174999997019768
0.770263664890081	335.674987792969	0.175999999046326
0.779113790486008	339.902984619141	0.177000001072884
0.788116478361189	344.146606445313	0.178000003099442
0.797119166236371	348.410095214844	0.179000005125999
0.80617266939953	352.691650390625	0.180000007152557
0.815327919553965	356.986511230469	0.180999994277954
0.824432354420424	361.291168212891	0.181999996304512
0.83358766278252	365.604766845703	0.18299999833107
0.842793786432594	369.923370361328	0.184000000357628
0.852050783578306	374.243011474609	0.185000002384186
0.861358654219657	378.5625	0.186000004410744
0.870768271852285	382.878814697266	0.187000006437302
0.88022870477289	387.188201904297	0.187999993562698
0.889689137693495	391.490386962891	0.188999995589256
0.899302191101015	395.786773681641	0.189999997615814
0.908915244508535	400.076965332031	0.190999999642372
0.918579113204032	404.359191894531	0.19200000166893
0.928293855395168	408.62646484375	0.193000003695488
0.938008597586304	412.864135742188	0.194000005722046
0.947825144976377	417.059143066406	0.194999992847443
0.957590760663152	421.204071044922	0.195999994874001
0.967407249845564	425.298400878906	0.196999996900558
0.9771219920367	429.349182128906	0.197999998927116
0.986887607723475	433.370208740234	0.199000000953674
0.996500719338655	437.376861572266	0.200000002980232
1.00611359812319	441.382843017578	0.20100000500679
1.01567595265806	445.400787353516	0.202000007033348
1.02523807436228	449.443786621094	0.202999994158745
1.0348001960665	453.521514892578	0.203999996185303
1.04426057077944	457.635620117188	0.204999998211861
1.05387368239462	461.777404785156	0.206000000238419
1.06338504701853	465.932861328125	0.207000002264977
1.07289641164243	470.089202880859	0.208000004291534
1.08250940684229	474.237335205078	0.209000006318092
1.09202065505087	478.372314453125	0.209999993443489
1.10163365025073	482.489898681641	0.210999995470047
1.11119588837028	486.583068847656	0.211999997496605
1.12085975706577	490.647094726563	0.212999999523163
1.13057461567223	494.681610107422	0.214000001549721
1.14023836795241	498.686706542969	0.215000003576279
1.14995322655886	502.66455078125	0.216000005602837
1.15966796875	506.622161865234	0.216999992728233
1.16928096394986	510.567077636719	0.217999994754791
1.17894494906068	514.504516601563	0.218999996781349
1.18855794426054	518.435974121094	0.219999998807907
1.19817105587572	522.359130859375	0.221000000834465
1.20778405107558	526.269226074219	0.222000002861023
1.21739704627544	530.162902832031	0.223000004887581
1.22695928439498	534.036071777344	0.224000006914139
1.2365214060992	537.883483886719	0.224999994039536
1.2460327707231	541.701965332031	0.225999996066093
1.25559489242733	545.488037109375	0.226999998092651
1.26515713054687	549.239501953125	0.228000000119209
1.27471925225109	552.957275390625	0.229000002145767
1.28433224745095	556.643005371094	0.230000004172325
1.29394535906613	560.297729492188	0.231000006198883
1.30360922776163	563.920715332031	0.23199999332428
1.31317134946585	567.511352539063	0.232999995350838
1.32278446108103	571.072387695313	0.233999997377396
1.33239745628089	574.606750488281	0.234999999403954
1.34206144139171	578.115173339844	0.236000001430511
1.35167443659157	581.595886230469	0.237000003457069
1.36128743179142	585.042724609375	0.238000005483627
1.37090054340661	588.377014160156	0.238999992609024
1.38051353860646	591.344604492188	0.239999994635582
1.39017740730196	593.621032714844	0.24099999666214
1.39984127599746	594.959899902344	0.241999998688698
1.40945438761264	595.250244140625	0.243000000715256
1.4190673828125	594.528198242188	0.244000002741814
1.42862950451672	592.966064453125	0.245000004768372
1.43824249971658	590.828674316406	0.24600000679493
1.4479064848274	588.431884765625	0.246999993920326
1.45746860653162	586.104919433594	0.247999995946884
1.4670817181468	584.147766113281	0.248999997973442
1.47664395626634	582.804443359375	0.25
1.4862569514662	582.247863769531	0.250999987125397
1.4959208201617	582.565979003906	0.252000004053116
1.50553381536156	583.767333984375	0.252999991178513
1.51514681056142	585.793640136719	0.254000008106232
1.5247599221766	588.531372070313	0.254999995231628
1.53432216029614	591.835998535156	0.256000012159348
1.543935155496	595.552307128906	0.256999999284744
1.55354826711118	599.527221679688	0.257999986410141
1.56316126231104	603.620910644531	0.25900000333786
1.5727742575109	607.711669921875	0.259999990463257
1.58238736912608	611.701232910156	0.261000007390976
1.59205112140626	615.517883300781	0.261999994516373
1.60171510651708	619.115173339844	0.263000011444092
1.61137897521257	622.475891113281	0.263999998569489
1.62094121333212	625.605590820313	0.264999985694885
1.63050333503634	628.522644042969	0.266000002622604
1.64006557315588	631.256774902344	0.266999989748001
1.64967856835574	633.846130371094	0.26800000667572
1.65918981656432	636.33203125	0.268999993801117
1.66880281176418	638.754455566406	0.270000010728836
1.67836516629905	641.021301269531	0.270999997854233
1.6879781614989	641.995849609375	0.272000014781952
1.69764191377908	639.587280273438	0.273000001907349
1.7073058988899	631.938232421875	0.273999989032745
1.71696988400072	618.041809082031	0.275000005960464
1.72663363628089	597.803894042969	0.275999993085861
1.73629762139171	572.063903808594	0.27700001001358
1.74591061659157	542.366943359375	0.277999997138977
1.75557460170239	510.611328125	0.279000014066696
1.76523835398257	478.849060058594	0.280000001192093
1.77485146559775	448.992736816406	0.28099998831749
1.78446446079761	422.604949951172	0.282000005245209
1.79407757241279	400.847381591797	0.282999992370605
1.80363981053233	384.385162353516	0.284000009298325
1.81325280573219	373.392669677734	0.284999996423721
1.82286580093205	367.655914306641	0.28600001335144
1.83242792263627	366.609100341797	0.287000000476837
1.84204103425145	369.449890136719	0.287999987602234
1.85160315595567	375.263732910156	0.289000004529953
1.86116539407521	383.086517333984	0.28999999165535
1.87077838927507	392.008392333984	0.291000008583069
1.88028963748366	401.241821289063	0.291999995708466
1.89000449609011	410.133636474609	0.293000012636185
1.8996176077053	418.212036132813	0.293999999761581
1.90928135998547	425.181335449219	0.294999986886978
1.91899621859193	430.895874023438	0.296000003814697
1.92860921379179	435.356506347656	0.296999990940094
1.93817133549601	438.669494628906	0.298000007867813
1.94778444711119	441.011779785156	0.29899999499321
1.95739744231105	442.611846923828	0.300000011920929
1.96695956401527	443.703186035156	0.300999999046326
1.97652191855013	444.504364013672	0.301999986171722
1.98608404025435	445.211547851563	0.303000003099442
1.99574790894985	445.979614257813	0.303999990224838
2.00541177764535	446.92236328125	0.305000007152557
2.01502488926053	448.116546630859	0.305999994277954
2.02458701096475	449.59375	0.307000011205673
2.03414913266897	451.351043701172	0.30799999833107
2.04371148720384	453.361877441406	0.308999985456467
2.05327337607741	455.581695556641	0.310000002384186
2.06283573061228	457.962127685547	0.310999989509583
2.07244884222746	460.449096679688	0.312000006437302
2.082061721012	462.989959716797	0.312999993562698
2.09167483262718	465.540893554688	0.314000010490417
2.10133870132267	468.064056396484	0.314999997615814
2.11100257001817	470.528533935547	0.316000014543533
2.12061568163335	472.915283203125	0.31700000166893
2.13027955032885	475.212738037109	0.317999988794327
2.13994341902435	477.418701171875	0.319000005722046
2.14955629780889	479.539276123047	0.319999992847443
2.15922039933503	481.582122802734	0.321000009775162
2.16878252103925	483.556274414063	0.321999996900558
2.17839539982378	485.471282958984	0.323000013828278
2.18795775435865	487.336059570313	0.324000000953674
2.19752010889351	489.158508300781	0.324999988079071
2.20713298767805	490.949432373047	0.32600000500679
2.21679685637355	492.721618652344	0.326999992132187
2.22640996798873	494.485565185547	0.328000009059906
2.23597208969295	496.242034912109	0.328999996185303
2.24558520130813	497.971893310547	0.330000013113022
2.25514732301235	499.645599365234	0.331000000238419
2.26476020179689	501.235321044922	0.331999987363815
2.27432255633175	502.721801757813	0.333000004291534
2.28393543511629	504.096527099609	0.333999991416931
2.29359930381179	505.363525390625	0.33500000834465
2.30326340533793	506.539611816406	0.335999995470047
2.31297803111374	507.648315429688	0.337000012397766
2.32259114272892	508.716766357422	0.337999999523163
2.33215326443315	509.775482177734	0.33899998664856
2.34176637604833	510.851318359375	0.340000003576279
2.35132849775255	511.964202880859	0.340999990701675
2.36094160936773	513.127990722656	0.342000007629395
2.37050373107195	514.348266601563	0.342999994754791
2.38006585277617	515.624572753906	0.34400001168251
2.38967896439135	516.952758789063	0.344999998807907
2.39929207600653	518.326110839844	0.345999985933304
2.40885419771075	519.738586425781	0.347000002861023
2.41841631941497	521.182800292969	0.34799998998642
2.42802919819951	522.643371582031	0.349000006914139
2.43764230981469	524.077941894531	0.349999994039536
2.44730641134083	525.407470703125	0.351000010967255
2.45691952295601	526.551879882813	0.351999998092651
2.46653240174055	527.4609375	0.352999985218048
2.47619627043605	528.119140625	0.354000002145767
2.48580938205123	528.547119140625	0.354999989271164
2.49542226083577	528.796264648438	0.356000006198883
2.50503537245095	528.934753417969	0.35699999332428
2.51459772698581	529.033386230469	0.358000010251999
2.52421060577035	529.161804199219	0.358999997377396
2.53382371738553	529.365173339844	0.360000014305115
2.54343682900071	529.638122558594	0.361000001430511
2.55304970778525	529.897277832031	0.361999988555908
2.56261182948947	530.015380859375	0.363000005483627
2.57217418402433	529.883117675781	0.363999992609024
2.58173630572855	529.438781738281	0.365000009536743
2.59134941734374	528.676818847656	0.36599999666214
2.60101328603923	527.651123046875	0.367000013589859
2.61062616482377	526.460815429688	0.368000000715256
2.62023927643895	525.227172851563	0.368999987840652
2.62990314513445	524.059692382813	0.370000004768372
2.63951602391899	522.981018066406	0.370999991893768
2.64912913553417	521.951599121094	0.372000008821487
2.65874224714935	520.9326171875	0.372999995946884
2.66830436885357	519.918029785156	0.374000012874603
2.67791748046875	518.93310546875	0.375
2.68753059208393	518.030334472656	0.375999987125397
2.69719422794878	517.273986816406	0.377000004053116
2.70685832947493	516.73193359375	0.377999991178513
2.71642045117915	516.468383789063	0.379000008106232
2.72598257288337	516.527587890625	0.379999995231628
2.73564644157887	516.927551269531	0.381000012159348
2.74525955319405	517.659729003906	0.381999999284744
2.75487266480923	518.6953125	0.382999986410141
2.76448554359376	519.991149902344	0.38400000333786
2.77404789812863	521.491027832031	0.384999990463257
2.78371176682413	523.127258300781	0.386000007390976
2.79332464560866	524.832458496094	0.386999994516373
2.80293775722384	526.546508789063	0.388000011444092
2.81255086883903	528.099487304688	0.388999998569489
2.82216374762356	528.344604492188	0.389999985694885
2.8318278491497	524.862487792969	0.391000002622604
2.8414917178452	514.957275390625	0.391999989748001
2.85120657645166	496.7265625	0.39300000667572
2.86092120222747	469.592987060547	0.393999993801117
2.87063606083393	434.393463134766	0.395000010728836
2.88029969669878	393.022369384766	0.395999997854233
2.88986205123365	347.968383789063	0.397000014781952
2.89942440576851	302.020660400391	0.398000001907349
2.90898629464209	257.884338378906	0.398999989032745
2.91859940625727	217.857803344727	0.400000005960464
2.92816152796149	183.727096557617	0.400999993085861
2.93772388249636	156.637451171875	0.40200001001358
2.94728600420058	137.053787231445	0.402999997138977
2.9568481259048	124.864036560059	0.404000014066696
2.96641048043966	119.443504333496	0.405000001192093
2.97592161223292	119.782821655273	0.40599998831749
2.9855347238481	124.660484313965	0.407000005245209
2.99514760263264	132.754043579102	0.407999992370605
3.00481147132814	142.779815673828	0.409000009298325
3.01442458294332	153.596099853516	0.409999996423721
3.02408868446946	164.240951538086	0.41100001335144
3.033701563254	173.981369018555	0.412000000476837
3.04331467486918	182.323013305664	0.412999987602234
3.05297854356468	188.992309570313	0.414000004529953
3.06264241226017	193.925689697266	0.41499999165535
3.07225529104471	197.22314453125	0.416000008583069
3.08186840265989	199.09684753418	0.416999995708466
3.09143075719476	199.836639404297	0.418000012636185
3.10109439305961	199.758880615234	0.418999999761581
3.11070750467479	199.171569824219	0.419999986886978
3.12037160620093	198.358810424805	0.421000003814697
3.12998471781611	197.554183959961	0.421999990940094
3.13959759660065	196.932754516602	0.423000007867813
3.14915971830487	196.617004394531	0.42399999499321
3.15877259708941	196.671524047852	0.425000011920929
3.16838570870459	197.116012573242	0.425999999046326
3.17799882031977	197.933349609375	0.426999986171722
3.18761193193495	199.072448730469	0.428000003099442
3.19717405363917	200.461029052734	0.428999990224838
3.20678716525435	202.015625	0.430000007152557
3.21640004403889	203.653533935547	0.430999994277954
3.22601315565407	205.303924560547	0.432000011205673
3.23562626726925	206.908432006836	0.43299999833107
3.24518838897347	208.422180175781	0.433999985456467
3.25485225766897	209.813522338867	0.435000002384186
3.26451612636447	211.062362670898	0.435999989509583
3.27407848089933	212.15739440918	0.437000006437302
3.28369135968387	213.096527099609	0.437999993562698
3.29325371421874	213.887786865234	0.439000010490417
3.30286659300327	214.54817199707	0.439999997615814
3.31253046169877	215.099990844727	0.441000014543533
3.32209281623363	215.564590454102	0.44200000166893
3.33170569501817	215.961532592773	0.442999988794327
3.34131880663335	216.307022094727	0.444000005722046
3.35093191824853	216.612915039063	0.444999992847443
3.36054502986372	216.885650634766	0.446000009775162
3.37005616165698	217.124969482422	0.446999996900558
3.37966927327216	217.322326660156	0.448000013828278
3.38928215205669	217.45915222168	0.449000000953674
3.39889526367188	217.512817382813	0.449999988079071
3.40855913236737	217.465591430664	0.45100000500679
3.41812125407159	217.30876159668	0.451999992132187
3.42768360860646	217.04280090332	0.453000009059906
3.43729672022164	216.681823730469	0.453999996185303
3.44696035608649	216.252349853516	0.455000013113022
3.45657346770167	215.789260864258	0.456000000238419
3.46623733639717	215.330215454102	0.456999987363815
3.47590143792331	214.908905029297	0.458000004291534
3.48551431670785	214.550994873047	0.458999991416931
3.49512742832303	214.277053833008	0.46000000834465
3.50474053993821	214.099945068359	0.460999995470047
3.51435341872275	214.024124145508	0.462000012397766
3.52396653033793	214.045364379883	0.462999999523163
3.53352865204215	214.151077270508	0.46399998664856
3.54314153082669	214.325729370117	0.465000003576279
3.55275464244187	214.552108764648	0.465999990701675
3.56241874396801	214.811981201172	0.467000007629395
3.57208261266351	215.086166381836	0.467999994754791
3.58164473436773	215.3564453125	0.46900001168251
3.59115609899163	215.608001708984	0.469999998807907
3.60076897777617	215.832641601563	0.470999985933304
3.61038208939135	216.026901245117	0.472000002861023
3.62004595808685	216.191177368164	0.47299998998642
3.62965883687139	216.328582763672	0.474000006914139
3.63922119140625	216.44352722168	0.474999994039536
3.64883430302143	216.541946411133	0.476000010967255
3.65844718180597	216.631256103516	0.476999998092651
3.66795854642987	216.718658447266	0.477999985218048
3.67757142521441	216.813415527344	0.479000002145767
3.68713377974927	216.923141479492	0.479999989271164
3.69684863835573	217.05290222168	0.481000006198883
3.70646174997091	217.206741333008	0.48199999332428
3.71607462875545	217.383758544922	0.483000010251999
3.72568774037063	217.576599121094	0.483999997377396
3.73530085198581	217.777206420898	0.485000014305115
3.74491373077035	217.979843139648	0.486000001430511
3.75452684238553	218.180450439453	0.486999988555908
3.76413995400071	218.376159667969	0.488000005483627
3.77375283278525	218.566543579102	0.488999992609024
3.78331495448947	218.750427246094	0.490000009536743
3.79292806610465	218.924621582031	0.49099999666214
3.80254094488919	219.086380004883	0.492000013589859
3.81215405650437	219.233413696289	0.493000000715256
3.82171641103923	219.364334106445	0.493999987840652
3.83127853274345	219.48095703125	0.495000004768372
3.84094240143895	219.588806152344	0.495999991893768
3.85055551305413	219.690292358398	0.497000008821487
3.86021914891899	219.783889770508	0.497999995946884
3.86978150345385	219.871353149414	0.499000012874603
3.87939461506903	219.958282470703	0.5
3.88900749385357	220.050003051758	0.500999987125397
3.89867136254907	220.150741577148	0.501999974250793
3.90828447416425	220.26335144043	0.503000020980835
3.91794834285975	220.387924194336	0.504000008106232
3.92751069739461	220.521774291992	0.504999995231628
3.93717456609011	220.663314819336	0.505999982357025
3.94678767770529	220.809844970703	0.507000029087067
3.95640078932047	220.956359863281	0.508000016212463
3.96601390093565	221.096481323242	0.50900000333786
3.97552503272891	221.222930908203	0.509999990463257
3.98508738726377	221.327590942383	0.510999977588654
3.99475079029799	221.404724121094	0.512000024318695
4.00436390191317	221.451873779297	0.513000011444092
4.01402823626995	221.466735839844	0.513999998569489
4.02364088222384	221.448440551758	0.514999985694885
4.03320323675871	221.402313232422	0.515999972820282
4.04281634837389	221.338333129883	0.517000019550323
4.05242899432778	221.265289306641	0.51800000667572
4.06204210594296	221.192489624023	0.518999993801117
4.07170644029975	221.129425048828	0.519999980926514
4.08126832917333	221.085693359375	0.521000027656555
4.09093219786882	221.069854736328	0.522000014781952
4.10059606656432	221.086563110352	0.523000001907349
4.11015842109919	221.138458251953	0.523999989032745
4.11977153271437	221.226440429688	0.524999976158142
4.12923190742731	221.349456787109	0.526000022888184
4.13874303922057	221.504699707031	0.52700001001358
4.14805067703128	221.686401367188	0.527999997138977
4.15740953758359	221.885543823242	0.528999984264374
4.16651414707303	222.092483520508	0.529999971389771
4.1756690479815	222.296295166016	0.531000018119812
4.18472290039063	222.483612060547	0.532000005245209
4.19367477297783	222.641403198242	0.532999992370605
4.20257588848472	222.759002685547	0.533999979496002
4.21142578125	222.830001831055	0.535000026226044
4.22022491693497	222.853927612305	0.53600001335144
4.22897329553962	222.834762573242	0.537000000476837
4.23761969432235	222.783706665039	0.537999987602234
4.24626702442765	222.714279174805	0.538999974727631
4.25491342321038	222.637817382813	0.540000021457672
4.26345830783248	222.563110351563	0.541000008583069
4.27200319245458	222.495544433594	0.541999995708466
4.28054807707667	222.435287475586	0.542999982833862
4.28899144753814	222.377624511719	0.544000029563904
4.297383595258	222.312026977539	0.545000016689301
4.30582650005817	222.223999023438	0.546000003814697
4.31416835635901	222.104568481445	0.546999990940094
4.32256096974015	221.95344543457	0.547999978065491
4.33080038055778	221.774627685547	0.549000024795532
4.33898903429508	221.577041625977	0.550000011920929
4.34707663953304	221.368316650391	0.550999999046326
4.3550617992878	221.151992797852	0.551999986171722
4.36294544488192	220.932373046875	0.552999973297119
4.37088031321764	220.71484375	0.554000020027161
4.37881471589208	220.506134033203	0.555000007152557
4.38664760440588	220.316223144531	0.555999994277954
4.3944800272584	220.155090332031	0.556999981403351
4.40221186727285	220.031326293945	0.558000028133392
4.40989155322313	219.95085144043	0.559000015258789
4.41747065633535	219.913513183594	0.560000002384186
4.425048828125	219.886978149414	0.560999989509583
4.43262699991465	219.436767578125	0.561999976634979
4.44015488028526	217.470352172852	0.563000023365021
4.44763200357556	212.717407226563	0.564000010490417
4.45505743846297	204.237701416016	0.564999997615814
4.46243304759264	191.65690612793	0.565999984741211
4.4697062112391	175.225723266602	0.566999971866608
4.47692861780524	155.717697143555	0.568000018596649
4.48415149003267	134.224258422852	0.569000005722046
4.4912719167769	112.015121459961	0.569999992847443
4.49839280918241	90.3683319091797	0.570999979972839
4.505411721766	70.4030685424805	0.572000026702881
4.51238034293056	53.008674621582	0.573000013828278
4.51924651861191	38.7854042053223	0.574000000953674
4.52611315995455	28.0178108215332	0.574999988079071
4.53287735581398	20.7125816345215	0.575999975204468
4.55307029187679	16.2684383392334	0.578999996185303
