File Path: C:\Users\Drexel\Documents\BMES 301\2022-11-18\Lab4_G08_D 11-18-2022 1 21 44 PM\DAQ- Crosshead, … - (Timed).txt   
Test: 07
Test Run: Lab4_G08_D
Date: 11/18/2022 1:21:30 PM


Crosshead 	Load 	Time 
mm	N	sec
0.00162760409239127	3.98647379875183	0.0149999996647239
0.002085367896143	4.00575017929077	0.0160000007599592
0.00254313158620789	4.03464317321777	0.017000000923872
0.00320434560308058	4.07344961166382	0.0179999992251396
0.00406901017413475	4.12425231933594	0.0189999993890524
0.00493367542730994	4.19027853012085	0.0199999995529652
0.00600179055254557	4.27424573898315	0.0209999997168779
0.00706990567778121	4.37950372695923	0.0219999998807907
0.00823974642116809	4.51069927215576	0.0230000000447035
0.00940958670980763	4.67308521270752	0.0240000002086163
0.0106302895801491	4.87016248703003	0.025000000372529
0.0119527176138945	5.1031436920166	0.0260000005364418
0.0132242839754326	5.37108135223389	0.0270000007003546
0.014546712009178	5.67218923568726	0.0280000008642673
0.0158182774612214	6.00369310379028	0.028999999165535
0.0171407064044615	6.36027336120605	0.0299999993294477
0.0185648586921161	6.73451471328735	0.0309999994933605
0.0198872894543456	7.11767482757568	0.0320000015199184
0.0213114417420002	7.50266027450562	0.0329999998211861
0.0227864584303461	7.88490200042725	0.034000001847744
0.0243631984631065	8.2623291015625	0.0350000001490116
0.0258890777331544	8.63342380523682	0.0359999984502792
0.0275675447483081	8.9943790435791	0.0370000004768372
0.0292968743451638	9.33894824981689	0.0379999987781048
0.0310770665237214	9.65792846679688	0.0390000008046627
0.0330098446283955	9.94189739227295	0.0399999991059303
0.0349426263710484	10.1823902130127	0.0410000011324883
0.0369771296391264	10.3752565383911	0.0419999994337559
0.0390116401831619	10.521505355835	0.0430000014603138
0.0411478686146438	10.6258296966553	0.0439999997615814
0.0432332344644237	10.6960535049438	0.0450000017881393
0.0454711916972883	10.7407341003418	0.046000000089407
0.0477091489301529	10.7675752639771	0.0469999983906746
0.0499471025250386	10.7833061218262	0.0480000004172325
0.0522867849213071	10.7926788330078	0.0489999987185001
0.0546264636795968	10.7987985610962	0.0500000007450581
0.0570170086575672	10.8018169403076	0.0509999990463257
0.0595092787989415	10.8006010055542	0.0520000010728836
0.062052407884039	10.794303894043	0.0529999993741512
0.0646464031888172	10.781702041626	0.0540000014007092
0.0672403912176378	10.7626781463623	0.0549999997019768
0.0699361189617775	10.7382593154907	0.0560000017285347
0.0725301142665558	10.7097415924072	0.0570000000298023
0.0753275526221842	10.6790103912354	0.0579999983310699
0.0780741320340894	10.6487531661987	0.0590000003576279
0.0809733028290793	10.6230039596558	0.0599999986588955
0.0838724736240692	10.6060352325439	0.0610000006854534
0.086975094745867	10.6012315750122	0.061999998986721
0.0900268569239415	10.6110076904297	0.063000001013279
0.0931803369894624	10.6376008987427	0.0640000030398369
0.0962829581112601	10.6824550628662	0.0649999976158142
0.0995381706161425	10.7454442977905	0.0659999996423721
0.102793375845067	10.8241662979126	0.0670000016689301
0.106150306237396	10.9131946563721	0.068000003695488
0.109558102849405	11.0056095123291	0.0689999982714653
0.112864174298011	11.0966196060181	0.0700000002980232
0.116322837129701	11.1842279434204	0.0710000023245811
0.119781492685433	11.2679357528687	0.0719999969005585
0.123291014460847	11.3475761413574	0.0729999989271164
0.126851387904026	11.423321723938	0.0740000009536743
0.13056438183412	11.4960155487061	0.0750000029802322
0.134277346660383	11.5680856704712	0.0759999975562096
0.137990311486647	11.6425638198853	0.0769999995827675
0.141805008752272	11.7220230102539	0.0780000016093254
0.145670579513535	11.8083667755127	0.0790000036358833
0.149586994666606	11.9011707305908	0.0799999982118607
0.153554268763401	11.9993524551392	0.0810000002384186
0.157623289851472	12.1027460098267	0.0820000022649765
0.161692310939543	12.2119960784912	0.0829999968409538
0.165761302923784	12.3302783966064	0.0839999988675117
0.169881182955578	12.4620418548584	0.0850000008940697
0.174051921931095	12.6105260848999	0.0860000029206276
0.178324393345974	12.7766819000244	0.0869999974966049
0.182698568096384	12.9598989486694	0.0879999995231628
0.187021898454987	13.1599311828613	0.0890000015497208
0.191497805644758	13.3770389556885	0.0900000035762787
0.195922853890806	13.6119222640991	0.090999998152256
0.200449634576216	13.8645639419556	0.0920000001788139
0.205027274205349	14.1340951919556	0.0930000022053719
0.20965575822629	14.4191808700562	0.0939999967813492
0.214335130294785	14.7169504165649	0.0949999988079071
0.219065346755087	15.0236854553223	0.096000000834465
0.223846436711028	15.3378601074219	0.0970000028610229
0.228678385610692	15.6607608795166	0.0979999974370003
0.233561208005995	15.9944019317627	0.0989999994635582
0.238444015849382	16.3408641815186	0.100000001490116
0.243377682636492	16.7010345458984	0.101000003516674
0.248463940806687	17.0765438079834	0.101999998092651
0.253550213528797	17.4695072174072	0.103000000119209
0.258687359746546	17.8818130493164	0.104000002145767
0.263824476860464	18.3170204162598	0.104999996721745
0.269114156253636	18.7807388305664	0.105999998748302
0.274353020358831	19.2788677215576	0.10700000077486
0.279693602351472	19.8173980712891	0.108000002801418
0.285085057839751	20.4013767242432	0.108999997377396
0.290578202111647	21.0314559936523	0.109999999403954
0.296071375487372	21.7050685882568	0.111000001430511
0.301666266750544	22.4171619415283	0.112000003457069
0.307312002405524	23.1638278961182	0.112999998033047
0.312906893668696	23.942756652832	0.114000000059605
0.318603502819315	24.7509155273438	0.115000002086163
0.324300141073763	25.5854930877686	0.11599999666214
0.330098468111828	26.4430198669434	0.116999998688698
0.335947668645531	27.3202991485596	0.118000000715256
0.341847742674872	28.2158946990967	0.119000002741814
0.347849505487829	29.129545211792	0.119999997317791
0.353800453012809	30.0628089904785	0.120999999344349
0.359751371433958	31.0169906616211	0.122000001370907
0.365804036846384	31.991397857666	0.123000003397465
0.371958391042426	32.9841690063477	0.123999997973442
0.378214521333575	33.9942207336426	0.125
0.384470622520894	35.0202102661133	0.126000002026558
0.390777597203851	36.0626258850098	0.127000004053116
0.397135416278616	37.1254081726074	0.128000006079674
0.403544108849019	38.2137680053711	0.128999993205071
0.41000367491506	39.3320350646973	0.129999995231628
0.416514056269079	40.4816093444824	0.130999997258186
0.423075340222567	41.6622047424316	0.131999999284744
0.429636624176055	42.873233795166	0.133000001311302
0.436248781625181	44.1146965026855	0.13400000333786
0.442962656961754	45.3874435424805	0.135000005364418
0.449727376690134	46.6913795471191	0.136000007390976
0.456492096418515	48.0240135192871	0.136999994516373
0.463358563138172	49.3833160400391	0.137999996542931
0.470275874249637	50.7670402526855	0.138999998569489
0.477244058856741	52.172176361084	0.140000000596046
0.484212243463844	53.5957984924316	0.141000002622604
0.491282145958394	55.0364112854004	0.142000004649162
0.498402921948582	56.4935150146484	0.14300000667572
0.505625444930047	57.9660453796387	0.143999993801117
0.512847909703851	59.4531021118164	0.144999995827675
0.520172121468931	60.9548530578613	0.145999997854233
0.527496333234012	62.4709014892578	0.146999999880791
0.534871418494731	63.9993286132813	0.148000001907349
0.542297377251089	65.5398559570313	0.149000003933907
0.549723336007446	67.0935516357422	0.150000005960464
0.557250983547419	68.6614761352539	0.150999993085861
0.564778631087393	70.2444686889648	0.151999995112419
0.572408025618643	71.8423233032227	0.152999997138977
0.580088293645531	73.453498840332	0.153999999165535
0.587768561672419	75.0771636962891	0.155000001192093
0.595499703194946	76.7135543823242	0.156000003218651
0.603332533501089	78.3634490966797	0.157000005245209
0.61121623730287	80.0291900634766	0.158000007271767
0.619201688095927	81.7117004394531	0.158999994397163
0.627136207185686	83.4113311767578	0.159999996423721
0.63522340497002	85.1300735473633	0.160999998450279
0.643259729258716	86.871337890625	0.162000000476837
0.651397684123367	88.6372985839844	0.163000002503395
0.659586628898978	90.4282836914063	0.164000004529953
0.667826330754906	92.2445907592773	0.165000006556511
0.676116964314133	94.0860748291016	0.165999993681908
0.684458413161337	95.9518432617188	0.166999995708466
0.692850793711841	97.8420257568359	0.167999997735024
0.701293931342661	99.7567291259766	0.168999999761581
0.709788000676781	101.693786621094	0.170000001788139
0.718282070010901	103.650840759277	0.171000003814697
0.726928701624274	105.625350952148	0.172000005841255
0.73552445974201	107.614410400391	0.172999992966652
0.744221964851022	109.618087768555	0.17399999499321
0.752919469960034	111.636756896973	0.174999997019768
0.761667906772345	113.669090270996	0.175999999046326
0.770467100664973	115.714378356934	0.177000001072884
0.779317226260901	117.771873474121	0.178000003099442
0.788269040640444	119.840728759766	0.179000005125999
0.797220913227648	121.920318603516	0.180000007152557
0.806325231678784	124.010116577148	0.180999994277954
0.81548054004088	126.109497070313	0.181999996304512
0.824686721898615	128.218154907227	0.18299999833107
0.833892845548689	130.334396362305	0.184000000357628
0.843251531478018	132.457717895508	0.185000002384186
0.852559402119368	134.588943481445	0.186000004410744
0.861918146256357	136.729736328125	0.187000006437302
0.871276832185686	138.883422851563	0.187999993562698
0.880686449818313	141.052536010742	0.188999995589256
0.89009600924328	143.238204956055	0.189999997615814
0.899658189155161	145.44189453125	0.190999999642372
0.909220369067043	147.664733886719	0.19200000166893
0.918833422474563	149.908096313477	0.193000003695488
0.928497291170061	152.172958374023	0.194000005722046
0.938212091568857	154.460800170898	0.194999992847443
0.947977707255632	156.773544311523	0.195999994874001
0.957895943429321	159.113739013672	0.196999996900558
0.96781412139535	161.482620239258	0.197999998927116
0.977783231064677	163.881713867188	0.199000000953674
0.987752224318683	166.311752319336	0.200000002980232
0.997873954474926	168.773300170898	0.20100000500679
1.00794469472021	171.265426635742	0.202000007033348
1.01816805545241	173.785430908203	0.202999994158745
1.02839153259993	176.330795288086	0.203999996185303
1.0387166403234	178.900573730469	0.204999998211861
1.04909262154251	181.494155883789	0.206000000238419
1.05946860276163	184.110214233398	0.207000002264977
1.06989534106106	186.747360229492	0.208000004291534
1.08037318568677	189.405990600586	0.209000006318092
1.09085079748183	192.084945678711	0.209999993443489
1.10137939918786	194.781463623047	0.210999995470047
1.11195887438953	197.493209838867	0.211999997496605
1.12263998016715	200.2177734375	0.212999999523163
1.13332120236009	202.952194213867	0.214000001549721
1.14410405512899	205.694320678711	0.215000003576279
1.15498865488917	208.444366455078	0.216000005602837
1.16587313823402	211.202590942383	0.216999992728233
1.17680872790515	213.969711303711	0.217999994754791
1.18779507465661	216.747268676758	0.218999996781349
1.19883217848837	219.537200927734	0.219999998807907
1.20986939873546	222.339630126953	0.221000000834465
1.22105923946947	225.153289794922	0.222000002861023
1.23224884737283	227.976455688477	0.223000004887581
1.2434896780178	230.808349609375	0.224000006914139
1.25473027583212	233.650085449219	0.224999994039536
1.26612337771803	236.506683349609	0.225999996066093
1.27746583893895	239.383483886719	0.226999998092651
1.28880818374455	242.286407470703	0.228000000119209
1.30025227554142	245.222457885742	0.229000002145767
1.31174724083394	248.1982421875	0.230000004172325
1.32334383670241	251.216873168945	0.231000006198883
1.3350424123928	254.274719238281	0.23199999332428
1.34674075525254	257.365112304688	0.232999995350838
1.3585917185992	260.480682373047	0.233999997377396
1.37034093495458	263.614379882813	0.234999999403954
1.38224277179688	266.760955810547	0.236000001430511
1.39404297806323	269.915496826172	0.237000003457069
1.4060465618968	273.073791503906	0.238000005483627
1.41805014573038	276.233764648438	0.238999992609024
1.43010460305959	279.394317626953	0.239999994635582
1.44210818689317	282.557464599609	0.24099999666214
1.45426427479833	285.7265625	0.241999998688698
1.46647135261446	288.903991699219	0.243000000715256
1.47872930392623	292.093505859375	0.244000002741814
1.49103801231831	295.298828125	0.245000004768372
1.50339759420604	298.523834228516	0.24600000679493
1.51575717609376	301.771667480469	0.246999993920326
1.52821862138808	305.0458984375	0.247999995946884
1.54078158084303	308.349212646484	0.248999997973442
1.55334477312863	311.683319091797	0.25
1.56606046948582	315.045776367188	0.250999987125397
1.57867430243641	318.432647705078	0.252000004053116
1.5913899987936	321.839385986328	0.252999991178513
1.60405482165515	325.260223388672	0.254000008106232
1.6168721485883	328.688446044922	0.254999995231628
1.62968959193677	332.113830566406	0.256000012159348
1.64260866586119	335.524475097656	0.256999999284744
1.65557861328125	338.912261962891	0.257999986410141
1.66859943419695	342.273834228516	0.25900000333786
1.68167112860829	345.609588623047	0.259999990463257
1.69474282301962	348.924560546875	0.261000007390976
1.70781451743096	352.226104736328	0.261999994516373
1.72093708533794	355.522521972656	0.263000011444092
1.73416140023619	358.822174072266	0.263999998569489
1.74753821920604	362.127868652344	0.264999985694885
1.76096591167152	365.440124511719	0.266000002622604
1.7744954675436	368.759582519531	0.266999989748001
1.78797403350472	372.08349609375	0.26800000667572
1.80150358937681	375.410675048828	0.268999993801117
1.81503291241825	378.742980957031	0.270000010728836
1.82856235187501	382.07958984375	0.270999997854233
1.84224452823401	385.418182373047	0.272000014781952
1.85597746167332	388.752746582031	0.273000001907349
1.86986289918423	392.070434570313	0.273999989032745
1.88374845311046	395.359649658203	0.275000005960464
1.89763389062136	398.613830566406	0.275999993085861
1.91151944454759	401.827667236328	0.27700001001358
1.92530313506722	404.998504638672	0.277999997138977
1.93913781549782	408.126251220703	0.279000014066696
1.95307412650436	411.211944580078	0.280000001192093
1.96701055392623	414.260894775391	0.28099998831749
1.98099762201309	417.278747558594	0.282000005245209
1.99493416585028	420.271301269531	0.282999992370605
2.00866698287427	423.094146728516	0.284000009298325
2.02234904281795	424.509765625	0.284999996423721
2.03598011285067	421.704284667969	0.28600001335144
2.04966240562499	411.639404296875	0.287000000476837
2.06344597972929	392.303527832031	0.287999987602234
2.07728077657521	363.042144775391	0.289000004529953
2.09111534059048	324.604064941406	0.28999999165535
2.10494990460575	278.950958251953	0.291000008583069
2.11863196454942	228.767730712891	0.291999995708466
2.13226326741278	177.083404541016	0.293000012636185
2.1458943374455	126.890258789063	0.293999999761581
2.15962715446949	80.7647323608398	0.294999986886978
2.1734619513154	40.7193031311035	0.296000003814697
2.18729651533067	8.08456611633301	0.296999990940094
2.2011820692569	-16.5511932373047	0.298000007867813
2.22869869321585	-42.5723075866699	0.300000011920929
