File Path: C:\Users\Drexel\Documents\BMES 301\2022-11-18\Lab4_G10_D 11-18-2022 1 29 03 PM\DAQ- Crosshead, … - (Timed).txt   
Test: 07
Test Run: Lab4_G10_D
Date: 11/18/2022 1:28:40 PM


Crosshead 	Load 	Time 
mm	N	sec
0.0013224283748059	4.91949987411499	0.0149999996647239
0.00172932948316884	4.91888999938965	0.0160000007599592
0.00223795586862252	4.92882061004639	0.017000000923872
0.00269571955868742	4.94976997375488	0.0179999992251396
0.00320434560308058	4.98357677459717	0.0189999993890524
0.003814697265625	5.03356409072876	0.0199999995529652
0.00447591173724504	5.10170555114746	0.0209999997168779
0.00518798833581968	5.18687105178833	0.0219999998807907
0.00615437829765142	5.28742647171021	0.0230000000447035
0.00712076825948316	5.40668678283691	0.0240000002086163
0.00818888383946614	5.55221033096313	0.025000000372529
0.00935872321861098	5.73106098175049	0.0260000005364418
0.0106302895801491	5.94706010818481	0.0270000007003546
0.0119527176138945	6.20296096801758	0.0280000008642673
0.0133260091388365	6.50483655929565	0.028999999165535
0.0148010258271825	6.85913276672363	0.0299999993294477
0.0163269050972303	7.26898288726807	0.0309999994933605
0.0178019199665869	7.73640394210815	0.0320000015199184
0.0193786618183367	8.2614221572876	0.0329999998211861
0.0210062662517885	8.83876705169678	0.034000001847744
0.0226338706852403	9.462965965271	0.0350000001490116
0.024312337700394	10.1298017501831	0.0359999984502792
0.0259399421338458	10.8344783782959	0.0370000004768372
0.0276692717307014	11.5724697113037	0.0379999987781048
0.029500326490961	12.3363075256348	0.0390000008046627
0.0313822456519119	13.1164627075195	0.0399999991059303
0.0332641611748841	13.9051361083984	0.0410000011324883
0.0351460766978562	14.6948680877686	0.0419999994337559
0.0371297173842322	15.4770078659058	0.0430000014603138
0.0391642279282678	16.2451019287109	0.0439999997615814
0.0412495901400689	16.9980239868164	0.0450000017881393
0.0433858222095296	17.7392883300781	0.046000000089407
0.0455729168606922	18.475606918335	0.0469999983906746
0.0478617366752587	19.2132205963135	0.0480000004172325
0.0502014154335484	19.9563522338867	0.0489999987185001
0.0525410941918381	20.7055931091309	0.0500000007450581
0.0549825017515104	21.459041595459	0.0509999990463257
0.0575256344745867	22.2182312011719	0.0520000010728836
0.060068767197663	22.9873561859131	0.0529999993741512
0.0626118999207392	23.7690601348877	0.0540000014007092
0.0652567541692406	24.5674285888672	0.0549999997019768
0.0680033335811459	25.3875293731689	0.0560000017285347
0.0707499129930511	26.2296447753906	0.0570000000298023
0.073496499680914	27.0912036895752	0.0579999983310699
0.0763956704759039	27.973949432373	0.0590000003576279
0.0791931161074899	28.882755279541	0.0599999986588955
0.0821431531221606	29.8203601837158	0.0610000006854534
0.0851440418045968	30.7881832122803	0.061999998986721
0.0881449377629906	31.7884292602539	0.063000001013279
0.0912475588847883	32.8231811523438	0.0640000030398369
0.094350180006586	33.8917427062988	0.0649999976158142
0.0976053852355108	34.9906196594238	0.0659999996423721
0.100860597740393	36.1174850463867	0.0670000016689301
0.104115802969318	37.2691764831543	0.068000003695488
0.107523599581327	38.4453239440918	0.0689999982714653
0.110829671029933	39.6473731994629	0.0700000002980232
0.114288326585665	40.8755340576172	0.0710000023245811
0.117797848361079	42.1318283081055	0.0719999969005585
0.121307370136492	43.4185829162598	0.0729999989271164
0.124918617075309	44.7378120422363	0.0740000009536743
0.128580737509765	46.0926055908203	0.0750000029802322
0.132293702336028	47.4827346801758	0.0759999975562096
0.135955808218569	48.906379699707	0.0769999995827675
0.13971964654047	50.3626708984375	0.0780000016093254
0.143585202749819	51.8494453430176	0.0790000036358833
0.147501632454805	53.3649978637695	0.0799999982118607
0.151468921103515	54.9093246459961	0.0810000002384186
0.155487054144032	56.4799880981445	0.0820000022649765
0.159556075232103	58.0761375427246	0.0829999968409538
0.163675955263898	59.6985130310059	0.0839999988675117
0.1678466796875	61.3476028442383	0.0850000008940697
0.172119136550464	63.0234718322754	0.0860000029206276
0.176391607965343	64.7275161743164	0.0869999974966049
0.18071492377203	66.4627304077148	0.0879999995231628
0.185089113074355	68.2312622070313	0.0890000015497208
0.189514161320403	70.0353088378906	0.0900000035762787
0.194040942005813	71.875129699707	0.090999998152256
0.198567708139308	73.7473678588867	0.0920000001788139
0.203145333216526	75.6470031738281	0.0930000022053719
0.207722972845659	77.5701217651367	0.0939999967813492
0.212300612474792	79.5178146362305	0.0949999988079071
0.217081716982648	81.4922790527344	0.096000000834465
0.221862792386673	83.4956970214844	0.0970000028610229
0.226694741286337	85.5284042358398	0.0979999974370003
0.231526690186001	87.5895538330078	0.0989999994635582
0.236409498029388	89.6794204711914	0.100000001490116
0.241343179368414	91.7976608276367	0.101000003516674
0.246327719651163	93.9413757324219	0.101999998092651
0.251363118877634	96.1079711914063	0.103000000119209
0.256449362495914	98.2954559326172	0.104000002145767
0.261688226601109	100.500160217285	0.104999996721745
0.266927090706304	102.719665527344	0.105999998748302
0.272318517090753	104.955375671387	0.10700000077486
0.277608254691586	107.209030151367	0.108000002801418
0.282999651972204	109.482444763184	0.108999997377396
0.28849282534793	111.778182983398	0.109999999403954
0.293985998723656	114.097671508789	0.111000001430511
0.29953001649119	116.443519592285	0.112000003457069
0.305124907754362	118.815528869629	0.112999998033047
0.310770672513172	121.211326599121	0.114000000059605
0.31646728166379	123.627975463867	0.115000002086163
0.322163919918239	126.062568664551	0.11599999666214
0.327911373460665	128.512832641602	0.116999998688698
0.33370972960256	130.976013183594	0.118000000715256
0.339558930136263	133.45198059082	0.119000002741814
0.345560692949221	135.942474365234	0.119999997317791
0.351562513969839	138.447463989258	0.120999999344349
0.357513432390988	140.966522216797	0.122000001370907
0.363566068699583	143.50163269043	0.123000003397465
0.369618734112009	146.054077148438	0.123999997973442
0.37582396180369	148.624481201172	0.125
0.382080092094839	151.210678100586	0.126000002026558
0.388387066777796	153.811157226563	0.127000004053116
0.394795759348199	156.424499511719	0.128000006079674
0.401255267206579	159.049987792969	0.128999993205071
0.407765706768259	161.689041137695	0.129999995231628
0.414225243730471	164.342498779297	0.130999997258186
0.420786527683958	167.00959777832	0.131999999284744
0.427398685133085	169.688751220703	0.133000001311302
0.434061686974019	172.379028320313	0.13400000333786
0.440826406702399	175.081787109375	0.135000005364418
0.447540282038972	177.798370361328	0.136000007390976
0.454305030871183	180.530334472656	0.136999994516373
0.461171468487009	183.279830932617	0.137999996542931
0.468037935206667	186.049667358398	0.138999998569489
0.474955217214301	188.838897705078	0.140000000596046
0.481974275317043	191.64469909668	0.141000002622604
0.488993304315954	194.465698242188	0.142000004649162
0.496114080306143	197.300598144531	0.14300000667572
0.503285729791969	200.149520874023	0.143999993801117
0.510406505782157	203.012893676758	0.144999995827675
0.517730717547238	205.889465332031	0.145999997854233
0.525004114024341	208.778472900391	0.146999999880791
0.532430014573038	211.678344726563	0.148000001907349
0.539855973329395	214.585311889648	0.149000003933907
0.547383620869368	217.498001098633	0.150000005960464
0.55496214190498	220.416122436523	0.150999993085861
0.562489789444953	223.339508056641	0.151999995112419
0.570170115679502	226.266983032227	0.152999997138977
0.57785032549873	229.197998046875	0.153999999165535
0.585530593525618	232.133193969727	0.155000001192093
0.593312550336123	235.072021484375	0.156000003218651
0.601145438849926	238.011810302734	0.157000005245209
0.608978269156069	240.952026367188	0.158000007271767
0.61686197295785	243.889892578125	0.158999994397163
0.624796550255269	246.819671630859	0.159999996423721
0.632832816336304	249.735412597656	0.160999998450279
0.640919955912977	252.631927490234	0.162000000476837
0.64905802719295	255.507522583008	0.163000002503395
0.657246913760901	258.362823486328	0.164000004529953
0.665486615616828	261.2021484375	0.165000006556511
0.673726375680417	264.031494140625	0.165999993681908
0.682017009239644	266.856903076172	0.166999995708466
0.690409389790148	269.684204101563	0.167999997735024
0.698903400916606	272.517486572266	0.168999999761581
0.707346596755087	275.359893798828	0.170000001788139
0.715993228368461	278.215393066406	0.171000003814697
0.724589044693857	281.083526611328	0.172000005841255
0.733235676307231	283.961395263672	0.172999992966652
0.741933181416243	286.849060058594	0.17399999499321
0.750630686525255	289.748443603516	0.174999997019768
0.759429938625544	292.660949707031	0.175999999046326
0.768280006013811	295.584442138672	0.177000001072884
0.777130131609738	298.51123046875	0.178000003099442
0.786081945989281	301.434539794922	0.179000005125999
0.795084633864462	304.348937988281	0.180000007152557
0.804087321739644	307.248870849609	0.180999994277954
0.813140883110464	310.132995605469	0.181999996304512
0.822296133264899	312.999694824219	0.18299999833107
0.831502256914973	315.848785400391	0.184000000357628
0.840759254060686	318.681701660156	0.185000002384186
0.850067124702036	321.500366210938	0.186000004410744
0.859425868839026	324.307586669922	0.187000006437302
0.868835428263992	327.105407714844	0.187999993562698
0.87824504589662	329.895538330078	0.188999995589256
0.887756352312863	332.678741455078	0.189999997615814
0.897318532224745	335.454498291016	0.190999999642372
0.906931585632265	338.220886230469	0.19200000166893
0.916595454327762	340.977661132813	0.193000003695488
0.926310254726559	343.723327636719	0.194000005722046
0.936075870413333	346.457214355469	0.194999992847443
0.945892359595746	349.180847167969	0.195999994874001
0.955759722273797	351.896911621094	0.196999996900558
0.965677900239825	354.609222412109	0.197999998927116
0.975596136413515	357.322784423828	0.199000000953674
0.985565129667521	360.040252685547	0.200000002980232
0.995534239336848	362.760864257813	0.20100000500679
1.00565585307777	365.485595703125	0.202000007033348
1.01577758323401	368.213500976563	0.202999994158745
1.02605193387717	370.942779541016	0.203999996185303
1.03627529460937	373.674041748047	0.204999998211861
1.04660028591752	376.404510498047	0.206000000238419
1.05697626713663	379.129241943359	0.207000002264977
1.06740323826671	381.847290039063	0.208000004291534
1.07782997656614	384.560211181641	0.209000006318092
1.08835857827216	387.265441894531	0.209999993443489
1.09898892696947	389.954498291016	0.210999995470047
1.10972078982741	392.617462158203	0.211999997496605
1.12050375901163	395.243103027344	0.212999999523163
1.13123573828489	397.822235107422	0.214000001549721
1.14196771755815	400.349670410156	0.215000003576279
1.15269981324673	402.822662353516	0.216000005602837
1.16363528650254	405.241607666016	0.216999992728233
1.17451988626271	407.610961914063	0.217999994754791
1.18555699009448	409.940338134766	0.218999996781349
1.19654333684593	412.240417480469	0.219999998807907
1.2076823040843	414.514678955078	0.221000000834465
1.21877039782703	416.760070800781	0.222000002861023
1.22985837515444	418.967590332031	0.223000004887581
1.24109897296876	421.129058837891	0.224000006914139
1.2523396871984	423.243682861328	0.224999994039536
1.263682032004	425.315673828125	0.225999996066093
1.27507536672056	427.355560302734	0.226999998092651
1.28651945851743	429.382720947266	0.228000000119209
1.29796355031431	431.418182373047	0.229000002145767
1.3094583991915	433.480560302734	0.230000004172325
1.32100423797965	435.583709716797	0.231000006198883
1.33265170734376	437.735443115234	0.23199999332428
1.34440104011446	439.93798828125	0.232999995350838
1.35609949938953	442.183410644531	0.233999997377396
1.36795046273619	444.461181640625	0.234999999403954
1.37975055258721	446.762268066406	0.236000001430511
1.39165250584483	449.0751953125	0.237000003457069
1.40355434268713	451.387298583984	0.238000005483627
1.41555781010538	453.688446044922	0.238999992609024
1.42766325734556	455.966125488281	0.239999994635582
1.43976847175509	458.206787109375	0.24099999666214
1.45192467607558	460.400756835938	0.241999998688698
1.46418251097202	462.539245605469	0.243000000715256
1.47644046228379	464.616271972656	0.244000002741814
1.48869841359556	466.628295898438	0.245000004768372
1.50105799548328	468.573699951172	0.24600000679493
1.51351932436228	470.449523925781	0.246999993920326
1.52598053682595	472.255920410156	0.247999995946884
1.53849285561591	473.993682861328	0.248999997973442
1.55105593148619	475.661499023438	0.25
1.56361900735646	477.258361816406	0.250999987125397
1.57628383021802	478.787048339844	0.252000004053116
1.58889766316861	480.251647949219	0.252999991178513
1.60166423302144	481.656951904297	0.254000008106232
1.61443080287427	483.006805419922	0.254999995231628
1.62729900330305	484.308288574219	0.256000012159348
1.6402181936428	485.573638916016	0.256999999284744
1.65318814106286	486.812957763672	0.257999986410141
1.66625971905887	488.033905029297	0.25900000333786
1.67933141347021	489.240417480469	0.259999990463257
1.69245398137718	490.43017578125	0.261000007390976
1.70567829627544	491.597076416016	0.261999994516373
1.71880086418241	492.732086181641	0.263000011444092
1.73202517908067	493.824829101563	0.263999998569489
1.74540199805051	494.868194580078	0.264999985694885
1.75872805994004	495.854644775391	0.266000002622604
1.77215575240552	496.782684326172	0.266999989748001
1.78563443478197	497.654418945313	0.26800000667572
1.79916387423873	498.471618652344	0.268999993801117
1.81264244019985	499.239654541016	0.270000010728836
1.82632450014353	499.96728515625	0.270999997854233
1.83995568659157	500.659759521484	0.272000014781952
1.8537393771112	501.324401855469	0.273000001907349
1.86752318404615	501.967102050781	0.273999989032745
1.88140873797238	502.587738037109	0.275000005960464
1.89529417548329	503.174774169922	0.275999993085861
1.90917972940952	503.704986572266	0.27700001001358
1.9231669139117	504.154083251953	0.277999997138977
1.93710322491825	504.511749267578	0.279000014066696
1.95119227282703	504.778076171875	0.280000001192093
1.96538283489645	504.9619140625	0.28099998831749
1.97957362979651	505.078979492188	0.282000005245209
1.99391692876816	505.143096923828	0.282999992370605
2.00810749083757	505.165069580078	0.284000009298325
2.02245078980923	505.154754638672	0.284999996423721
2.03684507869184	505.121154785156	0.28600001335144
2.05123890191317	505.075744628906	0.287000000476837
2.06568418070674	505.030487060547	0.287999987602234
2.0802307408303	504.9921875	0.289000004529953
2.09482829086483	504.961303710938	0.28999999165535
2.10942584089935	504.932464599609	0.291000008583069
2.12402339093387	504.892944335938	0.291999995708466
2.13857018388808	504.823852539063	0.293000012636185
2.15301522985101	504.701293945313	0.293999999761581
2.16746027581394	504.029144287109	0.294999986886978
2.18195607885718	500.300689697266	0.296000003814697
2.19645188190043	489.850860595703	0.296999990940094
2.21094768494368	469.780914306641	0.298000007867813
2.22534174099565	438.716857910156	0.29899999499321
2.23978678695858	396.847076416016	0.300000011920929
2.25423160009086	345.923095703125	0.300999999046326
2.2685241419822	288.773620605469	0.301999986171722
2.28286744095385	228.736389160156	0.303000003099442
2.2972107399255	169.322616577148	0.303999990224838
2.31155403889716	113.710327148438	0.305000007152557
2.32594809494913	64.4564056396484	0.305999994277954
2.34029116109014	23.4239349365234	0.307000011205673
2.35463446006179	-8.41354084014893	0.30799999833107
2.36907950602472	-30.9120502471924	0.308999985456467
2.38342280499637	-44.561939239502	0.310000002384186
2.39781686104834	-50.431468963623	0.310999989509583
2.41226190701127	-49.9514656066895	0.312000006437302
2.42675771005452	-44.7041511535645	0.312999993562698
2.44115176610649	-36.324275970459	0.314000010490417
2.49893194995821	1.84850919246674	0.317999988794327
