File Path: C:\Users\Drexel\Documents\BMES 301\2022-11-18\Lab4_G09_D 11-18-2022 1 25 27 PM\DAQ- Crosshead, … - (Timed).txt   
Test: 07
Test Run: Lab4_G09_D
Date: 11/18/2022 1:25:05 PM


Crosshead 	Load 	Time 
mm	N	sec
0.00152587892898737	3.78599572181702	0.0149999996647239
0.00203450508706737	3.80811882019043	0.0160000007599592
0.00249226877713227	3.84666800498962	0.017000000923872
0.00310262043967668	3.90391278266907	0.0179999992251396
0.003814697265625	3.981365442276	0.0189999993890524
0.00467936160930549	4.07885694503784	0.0199999995529652
0.00559488898943528	4.19724082946777	0.0209999997168779
0.00666300456941826	4.34048557281494	0.0219999998807907
0.00778198227635585	4.51413249969482	0.0230000000447035
0.00895182347449008	4.72488451004028	0.0240000002086163
0.0101725263448316	4.97826099395752	0.025000000372529
0.0113932292151731	5.27775287628174	0.0260000005364418
0.0127156572489184	5.62341928482056	0.0270000007003546
0.0139363601192599	6.01114845275879	0.0280000008642673
0.0153096516442019	6.43421077728271	0.028999999165535
0.0167338039318565	6.88211488723755	0.0299999993294477
0.018056234694086	7.34147453308105	0.0309999994933605
0.0195312495634425	7.79322910308838	0.0320000015199184
0.0210062662517885	8.21690654754639	0.0329999998211861
0.022532143702847	8.59267997741699	0.034000001847744
0.0241088873735862	8.90441608428955	0.0350000001490116
0.0257873543887399	9.14453887939453	0.0359999984502792
0.0275166839855956	9.3136568069458	0.0370000004768372
0.0292460117634619	9.41872406005859	0.0379999987781048
0.0310262039420195	9.47153091430664	0.0390000008046627
0.0328572568832897	9.48622131347656	0.0399999991059303
0.0347391760442406	9.47593402862549	0.0410000011324883
0.0367228203685954	9.45260906219482	0.0419999994337559
0.0387573236366734	9.42446231842041	0.0430000014603138
0.0407918269047514	9.39863395690918	0.0439999997615814
0.0428771963925101	9.38228797912598	0.0450000017881393
0.0450642874056939	9.38262462615967	0.046000000089407
0.0473022446385585	9.40616703033447	0.0469999983906746
0.0495402018714231	9.45779514312744	0.0480000004172325
0.0519816094310954	9.54058074951172	0.0489999987185001
0.054372150771087	9.65433883666992	0.0500000007450581
0.0568135583307594	9.79419231414795	0.0509999990463257
0.059254962252453	9.95362663269043	0.0520000010728836
0.0617472323938273	10.1226930618286	0.0529999993741512
0.0642903687548824	10.2882862091064	0.0540000014007092
0.0668843640596606	10.4367818832397	0.0549999997019768
0.0695800772518851	10.5573987960815	0.0560000017285347
0.0723266566637903	10.6434049606323	0.0570000000298023
0.075124109571334	10.6900672912598	0.0579999983310699
0.0779724141466431	10.6933994293213	0.0590000003576279
0.080871584941633	10.6485986709595	0.0599999986588955
0.0837707484606653	10.5509071350098	0.0610000006854534
0.0868225106387399	10.3930997848511	0.061999998986721
0.0898742655408569	10.171178817749	0.063000001013279
0.0929768939386122	9.89018440246582	0.0640000030398369
0.0961812329478562	9.56363964080811	0.0649999976158142
0.0993347202893347	9.21433734893799	0.0659999996423721
0.102589925518259	8.86949062347412	0.0670000016689301
0.105895996966865	8.55437278747559	0.068000003695488
0.109151209471747	8.28882884979248	0.0689999982714653
0.112558998807799	8.08827018737793	0.0700000002980232
0.116017661639489	7.95956897735596	0.0710000023245811
0.119476317195222	7.90350198745728	0.0719999969005585
0.123036705190316	7.9149112701416	0.0729999989271164
0.126647952129133	7.98584985733032	0.0740000009536743
0.130208325572312	8.10547161102295	0.0750000029802322
0.133921304950491	8.26189231872559	0.0759999975562096
0.137685128720477	8.44296646118164	0.0769999995827675
0.141550699481741	8.63707065582275	0.0780000016093254
0.145416255691089	8.83367729187012	0.0790000036358833
0.149332685396075	9.02679347991943	0.0799999982118607
0.153249100549147	9.21244621276855	0.0810000002384186
0.157216389197856	9.38626766204834	0.0820000022649765
0.161285395734012	9.54458236694336	0.0829999968409538
0.165405275765806	9.68384075164795	0.0839999988675117
0.169626873685047	9.8017406463623	0.0850000008940697
0.173899330548011	9.89768505096436	0.0860000029206276
0.17817180196289	9.97280788421631	0.0869999974966049
0.182495117769577	10.0279359817505	0.0879999995231628
0.186869307071902	10.0620679855347	0.0890000015497208
0.191243481822312	10.0723838806152	0.0900000035762787
0.195770262507722	10.0536222457886	0.090999998152256
0.200297043193132	10.0008163452148	0.0920000001788139
0.204925541765988	9.91109371185303	0.0930000022053719
0.209604899282567	9.78657627105713	0.0939999967813492
0.214233397855423	9.63373756408691	0.0949999988079071
0.218912769923918	9.46302509307861	0.096000000834465
0.22364298638422	9.28568172454834	0.0970000028610229
0.228474935283884	9.11095523834229	0.0979999974370003
0.233306884183548	8.94651317596436	0.0989999994635582
0.238240550970659	8.79920768737793	0.100000001490116
0.243174246861599	8.67527389526367	0.101000003516674
0.248158758040518	8.58089733123779	0.101999998092651
0.253295904258266	8.52165222167969	0.103000000119209
0.258382176980376	8.50219058990479	0.104000002145767
0.263621011981741	8.52487754821777	0.104999996721745
0.268809002591297	8.58929634094238	0.105999998748302
0.274149555480108	8.69377422332764	0.10700000077486
0.279490137472749	8.83380126953125	0.108000002801418
0.284881592961028	9.00471782684326	0.108999997377396
0.290374766336754	9.20140838623047	0.109999999403954
0.295817037113011	9.41913318634033	0.111000001430511
0.301361083984375	9.65298175811768	0.112000003457069
0.306955975247547	9.89919662475586	0.112999998033047
0.312550866510719	10.1547164916992	0.114000000059605
0.318247475661337	10.4153928756714	0.115000002086163
0.323944084811956	10.6790161132813	0.11599999666214
0.329793314449489	10.9452238082886	0.116999998688698
0.335540767991915	11.2154207229614	0.118000000715256
0.341440812917426	11.4945268630981	0.119000002741814
0.347340916050598	11.7904748916626	0.119999997317791
0.353291834471747	12.1114406585693	0.120999999344349
0.359395344275981	12.4652786254883	0.122000001370907
0.365498883184046	12.8540544509888	0.123000003397465
0.371704110875726	13.2754335403442	0.123999997973442
0.377909338567406	13.7220373153687	0.125
0.384165439754725	14.1824159622192	0.126000002026558
0.390472414437681	14.6453342437744	0.127000004053116
0.396779389120638	15.1014270782471	0.128000006079674
0.403188081691042	15.5419597625732	0.128999993205071
0.409698492148891	15.9623222351074	0.129999995231628
0.416259776102379	16.3632259368896	0.130999997258186
0.422821030952036	16.7501811981201	0.131999999284744
0.429433188401163	17.1346607208252	0.133000001311302
0.436045316746458	17.5309143066406	0.13400000333786
0.442708347691223	17.9543647766113	0.135000005364418
0.449473067419603	18.4213485717773	0.136000007390976
0.456288660643622	18.9446296691895	0.136999994516373
0.463155127363279	19.5357475280762	0.137999996542931
0.470021564979106	20.204647064209	0.138999998569489
0.47698974958621	20.9597682952881	0.140000000596046
0.484008778585121	21.8055076599121	0.141000002622604
0.491027836687863	22.743616104126	0.142000004649162
0.498199486173689	23.7715072631836	0.14300000667572
0.505320262163877	24.8799495697021	0.143999993801117
0.512593542225659	26.0582733154297	0.144999995827675
0.519917812198401	27.2934913635254	0.145999997854233
0.527242023963481	28.5705242156982	0.146999999880791
0.534566235728562	29.8735771179199	0.148000001907349
0.541941320989281	31.1882400512695	0.149000003933907
0.549418153241277	32.5020904541016	0.150000005960464
0.55694580078125	33.8054504394531	0.150999993085861
0.564524380024523	35.0937004089355	0.151999995112419
0.572153774555773	36.3681869506836	0.152999997138977
0.579833984375	37.6347351074219	0.153999999165535
0.587514194194227	38.9028167724609	0.155000001192093
0.595296209212393	40.1863403320313	0.156000003218651
0.603129097726196	41.5008773803711	0.157000005245209
0.611063675023615	42.8633651733398	0.158000007271767
0.618998252321035	44.291877746582	0.158999994397163
0.626983644906431	45.804573059082	0.159999996423721
0.635019969195127	47.4179534912109	0.160999998450279
0.643107108771801	49.1440582275391	0.162000000476837
0.651245121844113	50.9890632629395	0.163000002503395
0.659383134916425	52.9547538757324	0.164000004529953
0.667622836772352	55.0378837585449	0.165000006556511
0.675862596835941	57.2351112365723	0.165999993681908
0.684153230395168	59.5402755737305	0.166999995708466
0.692494679242373	61.9423942565918	0.167999997735024
0.700887001585215	64.4290313720703	0.168999999761581
0.709330255631357	66.9845657348633	0.170000001788139
0.717926013749093	69.5943298339844	0.171000003814697
0.726521771866828	72.2471160888672	0.172000005841255
0.735168461687863	74.9333953857422	0.172999992966652
0.743916782084852	77.6485824584961	0.17399999499321
0.752665218897164	80.3933486938477	0.174999997019768
0.761413597501814	83.170036315918	0.175999999046326
0.770212849602103	85.9824981689453	0.177000001072884
0.77906291699037	88.8341598510742	0.178000003099442
0.788014731369913	91.7292175292969	0.179000005125999
0.797017419245094	94.6693649291992	0.180000007152557
0.806070980615914	97.6563568115234	0.180999994277954
0.81522623077035	100.692596435547	0.181999996304512
0.824381539132446	103.779251098633	0.18299999833107
0.83358766278252	106.912246704102	0.184000000357628
0.842793786432594	110.083610534668	0.185000002384186
0.852101598866284	113.288307189941	0.186000004410744
0.861409469507635	116.523635864258	0.187000006437302
0.870768271852285	119.788627624512	0.187999993562698
0.88017777306959	123.083396911621	0.188999995589256
0.889689137693495	126.408615112305	0.189999997615814
0.8991495706141	129.764923095703	0.190999999642372
0.90876262402162	133.152313232422	0.19200000166893
0.918426492717117	136.570571899414	0.193000003695488
0.928141293115914	140.019348144531	0.194000005722046
0.937957782298326	143.498382568359	0.194999992847443
0.947825144976377	147.006866455078	0.195999994874001
0.957692449446768	150.542449951172	0.196999996900558
0.967610685620457	154.104339599609	0.197999998927116
0.977579737082124	157.694000244141	0.199000000953674
0.987548846751451	161.312316894531	0.200000002980232
0.997619586996734	164.957458496094	0.20100000500679
1.00779207423329	168.630264282227	0.202000007033348
1.01796467788517	172.33317565918	0.202999994158745
1.02818815503269	176.067504882813	0.203999996185303
1.03841151576489	179.834014892578	0.204999998211861
1.04863487649709	183.63427734375	0.206000000238419
1.0590108577162	187.469879150391	0.207000002264977
1.06948846951127	191.341659545898	0.208000004291534
1.07996619772166	195.252288818359	0.209000006318092
1.09049479942769	199.201110839844	0.209999993443489
1.10107427462935	203.183731079102	0.210999995470047
1.11170450691134	207.192092895508	0.211999997496605
1.12238561268896	211.211822509766	0.212999999523163
1.13306671846658	215.225494384766	0.214000001549721
1.14379881415516	219.219482421875	0.215000003576279
1.1546325404197	223.182647705078	0.216000005602837
1.16551725659519	227.110366821289	0.216999992728233
1.17645261343569	231.004425048828	0.217999994754791
1.18743896018714	234.86848449707	0.218999996781349
1.19842530693859	238.709732055664	0.219999998807907
1.209513284266	242.539260864258	0.221000000834465
1.22055050451308	246.365097045898	0.222000002861023
1.23174034524709	250.183990478516	0.223000004887581
1.24298094306141	253.980499267578	0.224000006914139
1.25427241437137	257.740142822266	0.224999994039536
1.26561487559229	261.45654296875	0.225999996066093
1.27695710398257	265.13134765625	0.226999998092651
1.28840119577944	268.771118164063	0.228000000119209
1.29984528757632	272.389373779297	0.229000002145767
1.31139124277979	276.004150390625	0.230000004172325
1.32298795506358	279.630493164063	0.231000006198883
1.33468629792333	283.276947021484	0.23199999332428
1.34638464078307	286.948364257813	0.232999995350838
1.35813385713845	290.647857666016	0.233999997377396
1.3699340634048	294.375244140625	0.234999999403954
1.3818359002471	298.125213623047	0.236000001430511
1.3937377370894	301.88818359375	0.237000003457069
1.40574132092297	305.647003173828	0.238000005483627
1.41769414767623	309.370574951172	0.238999992609024
1.42974848859012	313.020904541016	0.239999994635582
1.44180294591933	316.568725585938	0.24099999666214
1.45395915023983	319.997222900391	0.241999998688698
1.46616611164063	323.304260253906	0.243000000715256
1.47837318945676	326.500732421875	0.244000002741814
1.49068201426417	329.610107421875	0.245000004768372
1.50299072265625	332.665222167969	0.24600000679493
1.51540129445493	335.703643798828	0.246999993920326
1.52786250691861	338.761810302734	0.247999995946884
1.54037470929325	341.871795654297	0.248999997973442
1.55298865865916	345.057708740234	0.25
1.56555173452944	348.335601806641	0.250999987125397
1.57826743088663	351.714263916016	0.252000004053116
1.59088138025254	355.193420410156	0.252999991178513
1.60364783369005	358.764495849609	0.254000008106232
1.61641440354288	362.413391113281	0.254999995231628
1.62928260397166	366.121429443359	0.256000012159348
1.6422017943114	369.867401123047	0.256999999284744
1.65517174173146	373.630798339844	0.257999986410141
1.66819256264716	377.390655517578	0.25900000333786
1.6812642570585	381.127258300781	0.259999990463257
1.69438682496548	384.827178955078	0.261000007390976
1.70750939287245	388.479553222656	0.261999994516373
1.72073359135538	392.074157714844	0.263000011444092
1.73395790625364	395.60400390625	0.263999998569489
1.74728396814317	399.061920166016	0.264999985694885
1.76066078711301	402.446563720703	0.266000002622604
1.7740884795785	405.764434814453	0.266999989748001
1.78756716195494	409.025451660156	0.26800000667572
1.80114747490734	412.245178222656	0.268999993801117
1.8146769143641	415.442932128906	0.270000010728836
1.82830810081214	418.639495849609	0.270999997854233
1.84199016075581	421.855072021484	0.272000014781952
1.85577396769077	425.103698730469	0.273000001907349
1.86955777462572	428.386962890625	0.273999989032745
1.88339233864099	431.694549560547	0.275000005960464
1.89722690265626	435.006561279297	0.275999993085861
1.91111245658249	438.302917480469	0.27700001001358
1.92504888400435	441.571594238281	0.277999997138977
1.93903606850654	444.807495117188	0.279000014066696
1.953125	448.014068603516	0.280000001192093
1.96731556206942	451.201354980469	0.28099998831749
1.98150635696948	454.379058837891	0.282000005245209
1.99579866603017	457.556549072266	0.282999992370605
2.01004021801054	460.740997314453	0.284000009298325
2.0243835169822	463.937377929688	0.284999996423721
2.03872681595385	467.148712158203	0.28600001335144
2.0530701149255	470.374572753906	0.287000000476837
2.06746417097747	473.614318847656	0.287999987602234
2.08185845986009	476.866455078125	0.289000004529953
2.09615053609014	480.126007080078	0.28999999165535
2.11044307798147	483.388427734375	0.291000008583069
2.12463387288153	486.650146484375	0.291999995708466
2.13887519203126	489.904113769531	0.293000012636185
2.15301522985101	493.143432617188	0.293999999761581
2.16715503484011	496.363647460938	0.294999986886978
2.18129460699856	499.557678222656	0.296000003814697
2.19538388773799	502.721069335938	0.296999990940094
2.20957444980741	505.850677490234	0.298000007867813
2.22371402196586	508.941497802734	0.29899999499321
2.2378540597856	511.984558105469	0.300000011920929
2.25209537893534	514.967346191406	0.300999999046326
2.26623541675508	517.879699707031	0.301999986171722
2.28052772581577	520.720336914063	0.303000003099442
2.29471852071583	523.494995117188	0.303999990224838
2.30906181968749	526.220397949219	0.305000007152557
2.32335389591753	528.918273925781	0.305999994277954
2.33764643780887	531.612487792969	0.307000011205673
2.35188798978925	534.326843261719	0.30799999833107
2.36618053168058	537.080932617188	0.308999985456467
2.38042185083032	539.885925292969	0.310000002384186
2.39471439272165	542.745300292969	0.310999989509583
2.40890495479107	545.65283203125	0.312000006437302
2.42314650677145	548.595642089844	0.312999993562698
2.43728631176054	551.558776855469	0.314000010490417
2.4514771066606	554.523376464844	0.314999997615814
2.4656169116497	557.460998535156	0.316000014543533
2.47970572672784	559.590209960938	0.31700000166893
2.4938965216279	557.686767578125	0.317999988794327
2.50813784077764	547.47509765625	0.319000005722046
2.52253212966025	525.758239746094	0.319999992847443
2.53692618571222	491.104827880859	0.321000009775162
2.55126948468387	443.899688720703	0.321999996900558
2.56561278365552	386.302032470703	0.323000013828278
2.57990532554686	321.623474121094	0.324000000953674
2.59414664469659	253.730606079102	0.324999988079071
2.60843918658793	186.653213500977	0.32600000500679
2.62262998148799	123.984062194824	0.326999992132187
2.63692205771804	68.6049423217773	0.328000009059906
2.6511128526181	22.5748195648193	0.328999996185303
2.6652526576072	-13.0524415969849	0.330000013113022
2.67944345250726	-38.1172294616699	0.331000000238419
2.6935322675854	-53.1982612609863	0.331999987363815
2.70777381956577	-59.5299758911133	0.333000004291534
2.72191362455487	-58.7218322753906	0.333999991416931
2.73615517653525	-52.5630798339844	0.33500000834465
2.75029498152435	-42.9029502868652	0.335999995470047
2.89265951141715	13.9694881439209	0.345999985933304
