base	x	y	z
I	53.041	28.737	7.18
M	56.024	27.417	9.082
L	54.85	23.819	8.579
G	53.499	24.203	5.053
F	56.49	26.031	3.598
P	59.056	23.321	4.444
I	56.98	20.138	3.929
N	55.735	21.168	0.492
F	59.024	22.579	-0.749
L	60.751	19.453	0.552
T	58.238	17.312	-1.319
L	58.786	19.372	-4.472
Y	62.572	19.384	-4.037
V	62.928	15.642	-3.3
T	60.746	14.799	-6.323
V	62.681	16.907	-8.814
Q	65.964	15.539	-7.479
H	64.979	11.871	-7.899
K	64.41	10.858	-11.518
K	62.829	7.504	-10.605
L	59.946	9.5	-9.069
R	58.05	9.89	-12.355
T	54.792	7.962	-11.896
P	51.291	9.511	-11.882
L	51.249	9.59	-8.075
N	54.678	11.239	-7.946
Y	53.346	13.767	-10.437
I	50.108	14.434	-8.564
L	51.841	14.976	-5.27
L	54.433	17.288	-6.781
N	51.407	19.183	-8.116
L	49.832	19.477	-4.669
A	53.183	20.631	-3.316
V	53.056	23.528	-5.762
A	49.376	24.203	-5.021
D	50.165	24.321	-1.298
L	53.071	26.725	-1.754
F	50.608	28.967	-3.572
M	48.215	28.685	-0.649