base	x	y	z
G	44.581	17.614	-1.427
G	47.287	12.978	-3.603
A	52.399	10.556	-3.857
G	57.803	9.677	-2.093
C	62.005	10.493	1.508
G	63.72	12.271	6.688
G	62.823	14.05	12.343
A	59.694	16.974	21.949
G	57.787	19.991	27.067
U	58.333	23.168	22.262
U	61.837	24.036	17.815
C	66.025	20.657	14.909
A	69.591	15.896	13.591
G	70.988	10.161	13.946
C	71.429	0.461	11.265
G	65.791	-2.886	11.501
G	66.898	-1.899	17.921
A	62.409	5.192	29.212
G	68.801	6.522	28.098
A	71.752	12.809	29.517
A	74.605	18.08	28.51
U	74.507	23.741	27.678
A	70.913	28.484	28.481
C	66.39	30.537	31.237
C	64.189	30.325	36.397
U	65.132	29.632	41.767
G	69.007	29.869	45.633
C	74.408	31.19	47.289
C	79.468	33.905	46.398
U	82.149	37.651	43.947
U	86.047	39.205	32.498
C	82.739	35.733	28.823
A	80.356	36.36	23.357
C	76.526	34.949	27.301
G	79.324	29.782	29.875
C	81.945	25.784	32.762
A	81.619	21.858	36.407
G	77.824	18.098	39.528
G	72.006	15.701	40.266
G	66.704	14.708	39.753
G	61.614	14.256	36.574
U	55.308	13.037	27.694
C	55.207	8.388	22.69
G	56.862	11.803	17.024
C	51.967	11.986	19.845
G	47.192	9.15	20.013
G	44.259	4.171	18.982
G	44.592	-1.4	16.954
C	55.161	-12.603	17.656
G	54.609	-8.287	21.279
A	56.332	-2.864	21.424
G	58.428	2.618	21.387
U	57.989	3.855	16.13
C	61.267	3.397	10.657
C	58.058	1.702	6.897
C	53.206	1.958	4.216
G	48.415	4.856	3.328
C	44.971	14.895	6.299
C	47.117	19.932	7.843
G	51.137	23.683	7.515
U	55.765	26.097	5.432
U	59.7	26.11	1.131
C	60.982	25.295	-4.112
C	59.078	23.082	-9.658
G	55.716	21.778	-13.727
C	50.539	22.588	-15.566
C	48.296	27.709	-14.812
A	49.917	33.615	-14.483